QUOTE_UNIXTIME, QUOTE_READTIME, QUOTE_DATE, QUOTE_TIME_HOURS, UNDERLYING_LAST, EXPIRE_DATE, EXPIRE_UNIX, DTE, C_DELTA, C_GAMMA, C_VEGA, C_THETA, C_RHO, C_IV, C_VOLUME, C_LAST, C_SIZE, C_BID, C_ASK, STRIKE, P_BID, P_ASK, P_SIZE, P_LAST, P_DELTA, P_GAMMA, P_VEGA, P_THETA, P_RHO, P_IV, P_VOLUME, STRIKE_DISTANCE, STRIKE_DISTANCE_PCT
1614632400, 2021-03-01 16:00, 2021-03-01, 16.000000, 323.590000, 2021-03-05, 1614978000, 4.000000, 1.000000, 0.000000, 0.000000, -0.000050, 0.020350, , , 0.000000, 1 x 1, 163.160000, 163.380000, 160.000000, 0.000000, 0.010000, 0 x 591, 0.020000, -0.000030, -0.000010, 0.000180, -0.004240, 0.000000, 1.848130, 1.000000, 163.600000, 0.506000
1614632400, 2021-03-01 16:00, 2021-03-01, 16.000000, 323.590000, 2021-03-05, 1614978000, 4.000000, 1.000000, 0.000000, 0.000000, 0.000000, 0.021650, , , 0.000000, 1 x 1, 158.170000, 158.370000, 165.000000, 0.000000, 0.010000, 0 x 1403, 0.020000, -0.000460, 0.000000, -0.000070, -0.004030, 0.000000, 1.771580, 50.000000, 158.600000, 0.490000
1614632400, 2021-03-01 16:00, 2021-03-01, 16.000000, 323.590000, 2021-03-05, 1614978000, 4.000000, 1.000000, 0.000000, 0.000000, 0.000000, 0.021610, , , 0.000000, 1 x 1, 153.150000, 153.370000, 170.000000, 0.000000, 0.010000, 0 x 1403, 0.010000, 0.000000, 0.000000, 0.000490, -0.004100, -0.000150, 1.695880, 20.000000, 153.600000, 0.475000
1614632400, 2021-03-01 16:00, 2021-03-01, 16.000000, 323.590000, 2021-03-05, 1614978000, 4.000000, 1.000000, 0.000000, 0.000000, 0.000000, 0.022350, , , 0.000000, 10 x 1, 147.870000, 148.750000, 175.000000, 0.000000, 0.010000, 0 x 1403, 0.020000, -0.000750, 0.000040, 0.000310, -0.004360, -0.000050, 1.623820, 150.000000, 148.600000, 0.459000
1614632400, 2021-03-01 16:00, 2021-03-01, 16.000000, 323.590000, 2021-03-05, 1614978000, 4.000000, 1.000000, 0.000000, 0.000000, 0.000000, 0.023670, , , 0.000000, 10 x 10, 142.890000, 143.730000, 180.000000, 0.000000, 0.010000, 0 x 1403, 0.030000, -0.000810, 0.000060, 0.000750, -0.003810, -0.000130, 1.552390, 30.000000, 143.600000, 0.444000
1614632400, 2021-03-01 16:00, 2021-03-01, 16.000000, 323.590000, 2021-03-05, 1614978000, 4.000000, 1.000000, 0.000000, 0.000000, 0.000000, 0.023460, , , 0.000000, 11 x 12, 137.890000, 138.730000, 185.000000, 0.000000, 0.010000, 0 x 591, 0.010000, -0.000580, 0.000040, 0.000620, -0.003990, 0.000000, 1.483750, 2.000000, 138.600000, 0.428000
1614632400, 2021-03-01 16:00, 2021-03-01, 16.000000, 323.590000, 2021-03-05, 1614978000, 4.000000, 1.000000, 0.000000, 0.000000, -0.000030, 0.024760, , 1.000000, 132.000000, 10 x 20, 132.890000, 133.690000, 190.000000, 0.000000, 0.000000, 0 x 554, 0.040000, 0.000000, 0.000030, 0.000110, -0.004560, -0.000310, 1.416790, 1.000000, 133.600000, 0.413000
1614632400, 2021-03-01 16:00, 2021-03-01, 16.000000, 323.590000, 2021-03-05, 1614978000, 4.000000, 1.000000, 0.000000, 0.000000, -0.000020, 0.025480, , , 0.000000, 10 x 10, 127.920000, 128.740000, 195.000000, 0.000000, 0.000000, 0 x 591, 0.030000, -0.000850, -0.000010, 0.000310, -0.004190, 0.000000, 1.351070, 5.000000, 128.600000, 0.397000
1614632400, 2021-03-01 16:00, 2021-03-01, 16.000000, 323.590000, 2021-03-05, 1614978000, 4.000000, 1.000000, 0.000000, 0.000000, -0.000220, 0.026080, , 20.000000, 128.860000, 20 x 10, 122.890000, 123.730000, 200.000000, 0.000000, 0.020000, 0 x 1471, 0.010000, -0.000760, -0.000010, 0.000150, -0.004350, -0.000100, 1.287780, 0.000000, 123.600000, 0.382000
1614632400, 2021-03-01 16:00, 2021-03-01, 16.000000, 323.590000, 2021-03-05, 1614978000, 4.000000, 1.000000, 0.000000, 0.000000, 0.000000, 0.026950, , , 0.000000, 1 x 2, 117.870000, 118.670000, 205.000000, 0.000000, 0.010000, 0 x 591, 0.010000, -0.000020, 0.000070, 0.000700, -0.004440, 0.000000, 1.224610, 0.000000, 118.600000, 0.366000
1614632400, 2021-03-01 16:00, 2021-03-01, 16.000000, 323.590000, 2021-03-05, 1614978000, 4.000000, 1.000000, 0.000000, 0.000000, -0.000160, 0.027270, , , 0.000000, 10 x 10, 112.890000, 113.740000, 210.000000, 0.000000, 0.000000, 0 x 591, 0.020000, -0.000610, 0.000070, 0.000620, -0.004090, 0.000000, 1.164020, 0.000000, 113.600000, 0.351000
1614632400, 2021-03-01 16:00, 2021-03-01, 16.000000, 323.590000, 2021-03-05, 1614978000, 4.000000, 1.000000, 0.000000, 0.000000, 0.000000, 0.027880, , , 0.000000, 10 x 12, 107.910000, 108.720000, 215.000000, 0.000000, 0.010000, 0 x 512, 0.030000, 0.000000, 0.000020, 0.000640, -0.004360, -0.000030, 1.104670, 1.000000, 108.600000, 0.336000
1614632400, 2021-03-01 16:00, 2021-03-01, 16.000000, 323.590000, 2021-03-05, 1614978000, 4.000000, 1.000000, 0.000000, 0.000000, -0.000270, 0.028540, , 5.000000, 113.500000, 1 x 1, 102.830000, 103.750000, 220.000000, 0.000000, 0.010000, 0 x 591, 0.030000, -0.000200, 0.000030, 0.000350, -0.004270, 0.000000, 1.045840, 0.000000, 103.600000, 0.320000
1614632400, 2021-03-01 16:00, 2021-03-01, 16.000000, 323.590000, 2021-03-05, 1614978000, 4.000000, 0.986070, 0.000650, 0.013260, -0.167650, 0.028310, 1.508180, 2.000000, 97.270000, 16 x 21, 98.480000, 99.270000, 225.000000, 0.000000, 0.010000, 0 x 1303, 0.040000, -0.000320, 0.000020, 0.000330, -0.003820, 0.000000, 0.988350, 0.000000, 98.600000, 0.305000
1614632400, 2021-03-01 16:00, 2021-03-01, 16.000000, 323.590000, 2021-03-05, 1614978000, 4.000000, 1.000000, 0.000000, 0.000000, 0.000000, 0.029800, , 1.000000, 92.890000, 10 x 10, 93.020000, 93.650000, 230.000000, 0.000000, 0.010000, 0 x 584, 0.010000, -0.000150, 0.000100, 0.000920, -0.004500, 0.000000, 0.932080, 10.000000, 93.600000, 0.289000
1614632400, 2021-03-01 16:00, 2021-03-01, 16.000000, 323.590000, 2021-03-05, 1614978000, 4.000000, 0.996720, 0.000290, 0.004060, -0.032400, 0.030680, 1.069990, , 0.000000, 20 x 30, 88.250000, 89.030000, 235.000000, 0.000000, 0.010000, 0 x 537, 0.010000, -0.001050, 0.000060, 0.000290, -0.004440, -0.000300, 0.877150, 419.000000, 88.600000, 0.274000
1614632400, 2021-03-01 16:00, 2021-03-01, 16.000000, 323.590000, 2021-03-05, 1614978000, 4.000000, 1.000000, 0.000000, 0.000000, -0.000090, 0.030940, , 2.000000, 80.430000, 10 x 10, 82.940000, 83.560000, 240.000000, 0.000000, 0.010000, 0 x 418, 0.050000, -0.000840, 0.000040, 0.000680, -0.003590, -0.000180, 0.823540, 0.000000, 83.600000, 0.258000
1614632400, 2021-03-01 16:00, 2021-03-01, 16.000000, 323.590000, 2021-03-05, 1614978000, 4.000000, 1.000000, 0.000000, 0.000000, 0.000000, 0.031740, , , 0.000000, 20 x 20, 77.970000, 78.600000, 245.000000, 0.000000, 0.010000, 0 x 156, 0.010000, -0.000550, 0.000100, 0.000680, -0.004310, 0.000000, 0.769910, 50.000000, 78.600000, 0.243000
1614632400, 2021-03-01 16:00, 2021-03-01, 16.000000, 323.590000, 2021-03-05, 1614978000, 4.000000, 1.000000, 0.000000, 0.000000, -0.000090, 0.032510, , 1.000000, 68.830000, 20 x 20, 72.930000, 73.510000, 250.000000, 0.000000, 0.020000, 0 x 235, 0.010000, -0.001560, 0.000150, 0.001640, -0.008170, 0.000000, 0.762880, 677.000000, 73.600000, 0.227000
1614632400, 2021-03-01 16:00, 2021-03-01, 16.000000, 323.590000, 2021-03-05, 1614978000, 4.000000, 1.000000, 0.000000, 0.000000, 0.000000, 0.032670, , 1.000000, 67.550000, 20 x 11, 68.200000, 68.950000, 255.000000, 0.000000, 0.030000, 1 x 1232, 0.020000, -0.001910, 0.000180, 0.002670, -0.011000, -0.000050, 0.732770, 11.000000, 68.600000, 0.212000
1614632400, 2021-03-01 16:00, 2021-03-01, 16.000000, 323.590000, 2021-03-05, 1614978000, 4.000000, 1.000000, 0.000000, 0.000000, -0.000280, 0.033250, , 0.000000, 56.620000, 20 x 10, 63.130000, 63.350000, 260.000000, 0.010000, 0.020000, 1119 x 899, 0.020000, -0.001720, 0.000300, 0.002200, -0.011220, -0.000560, 0.679330, 58.000000, 63.600000, 0.197000
1614632400, 2021-03-01 16:00, 2021-03-01, 16.000000, 323.590000, 2021-03-05, 1614978000, 4.000000, 1.000000, 0.000000, 0.000000, -0.000560, 0.034080, , 10.000000, 65.500000, 10 x 10, 58.070000, 58.590000, 265.000000, 0.020000, 0.030000, 1 x 1264, 0.030000, -0.003750, 0.000420, 0.004100, -0.017600, -0.000370, 0.655610, 11.000000, 58.600000, 0.181000
1614632400, 2021-03-01 16:00, 2021-03-01, 16.000000, 323.590000, 2021-03-05, 1614978000, 4.000000, 1.000000, 0.000000, 0.000000, -0.000120, 0.035440, , 0.000000, 43.500000, 20 x 20, 53.040000, 53.600000, 270.000000, 0.030000, 0.040000, 251 x 1300, 0.040000, -0.004460, 0.000570, 0.004810, -0.024290, -0.000080, 0.622170, 152.000000, 53.600000, 0.166000
1614632400, 2021-03-01 16:00, 2021-03-01, 16.000000, 323.590000, 2021-03-05, 1614978000, 4.000000, 1.000000, 0.000000, 0.000000, 0.000000, 0.036030, , 1.000000, 42.110000, 10 x 10, 47.950000, 48.620000, 275.000000, 0.040000, 0.050000, 250 x 1210, 0.040000, -0.006550, 0.000790, 0.006970, -0.030520, -0.000010, 0.581320, 240.000000, 48.600000, 0.150000
1614632400, 2021-03-01 16:00, 2021-03-01, 16.000000, 323.590000, 2021-03-05, 1614978000, 4.000000, 1.000000, 0.000000, 0.000000, 0.000000, 0.036740, , 1.000000, 43.300000, 10 x 10, 42.940000, 43.510000, 280.000000, 0.040000, 0.050000, 251 x 225, 0.050000, -0.008150, 0.001150, 0.007930, -0.035800, -0.000310, 0.536790, 479.000000, 43.600000, 0.135000
1614632400, 2021-03-01 16:00, 2021-03-01, 16.000000, 323.590000, 2021-03-05, 1614978000, 4.000000, 1.000000, 0.000000, 0.000000, 0.000000, 0.036930, , 8.000000, 33.160000, 10 x 10, 39.070000, 39.590000, 284.000000, 0.070000, 0.080000, 682 x 675, 0.060000, -0.011370, 0.001580, 0.011240, -0.046970, -0.000910, 0.509900, 41.000000, 39.600000, 0.122000
1614632400, 2021-03-01 16:00, 2021-03-01, 16.000000, 323.590000, 2021-03-05, 1614978000, 4.000000, 1.000000, 0.000000, 0.000000, 0.000000, 0.036920, , 0.000000, 31.690000, 10 x 10, 38.040000, 38.590000, 285.000000, 0.070000, 0.080000, 885 x 42, 0.080000, -0.011250, 0.001660, 0.011100, -0.046150, -0.000920, 0.498440, 131.000000, 38.600000, 0.119000
1614632400, 2021-03-01 16:00, 2021-03-01, 16.000000, 323.590000, 2021-03-05, 1614978000, 4.000000, 1.000000, 0.000000, 0.000000, -0.000140, 0.037450, , 1.000000, 37.700000, 10 x 10, 37.170000, 37.620000, 286.000000, 0.080000, 0.090000, 801 x 680, 0.080000, -0.013160, 0.001890, 0.012120, -0.052190, -0.001020, 0.494540, 143.000000, 37.600000, 0.116000
1614632400, 2021-03-01 16:00, 2021-03-01, 16.000000, 323.590000, 2021-03-05, 1614978000, 4.000000, 1.000000, 0.000000, 0.000000, 0.000000, 0.037260, , 1.000000, 46.820000, 10 x 10, 36.230000, 36.550000, 287.000000, 0.090000, 0.110000, 250 x 722, 0.080000, -0.014690, 0.002050, 0.014020, -0.056880, -0.001090, 0.489280, 15.000000, 36.600000, 0.113000
1614632400, 2021-03-01 16:00, 2021-03-01, 16.000000, 323.590000, 2021-03-05, 1614978000, 4.000000, 1.000000, 0.000000, 0.000000, 0.000000, 0.037540, , 11.000000, 35.220000, 10 x 40, 35.650000, 36.110000, 287.500000, 0.090000, 0.100000, 1230 x 132, 0.110000, -0.014350, 0.002100, 0.013750, -0.056250, -0.000370, 0.483810, 3.000000, 36.100000, 0.112000
1614632400, 2021-03-01 16:00, 2021-03-01, 16.000000, 323.590000, 2021-03-05, 1614978000, 4.000000, 1.000000, 0.000000, 0.000000, -0.000030, 0.037700, , 16.000000, 31.670000, 20 x 10, 35.270000, 35.470000, 288.000000, 0.100000, 0.110000, 776 x 976, 0.080000, -0.015670, 0.002220, 0.013960, -0.059280, -0.000900, 0.481060, 8.000000, 35.600000, 0.110000
1614632400, 2021-03-01 16:00, 2021-03-01, 16.000000, 323.590000, 2021-03-05, 1614978000, 4.000000, 1.000000, 0.000000, 0.000000, 0.000000, 0.037750, , 1.000000, 25.730000, 20 x 20, 34.180000, 34.630000, 289.000000, 0.100000, 0.100000, 1050 x 18, 0.100000, -0.016770, 0.002420, 0.014930, -0.061120, -0.000910, 0.472210, 89.000000, 34.600000, 0.107000
1614632400, 2021-03-01 16:00, 2021-03-01, 16.000000, 323.590000, 2021-03-05, 1614978000, 4.000000, 1.000000, 0.000000, 0.000000, 0.000000, 0.037980, , 51.000000, 33.460000, 10 x 20, 33.180000, 33.710000, 290.000000, 0.110000, 0.120000, 17 x 746, 0.110000, -0.018490, 0.002600, 0.016190, -0.066710, -0.000750, 0.465680, , 33.600000, 0.104000
1614632400, 2021-03-01 16:00, 2021-03-01, 16.000000, 323.590000, 2021-03-05, 1614978000, 4.000000, 1.000000, 0.000000, 0.000000, -0.000190, 0.038000, , 0.000000, 24.310000, 10 x 10, 32.260000, 32.570000, 291.000000, 0.130000, 0.140000, 131 x 865, 0.120000, -0.019540, 0.002810, 0.017920, -0.071440, -0.000480, 0.459070, 72.000000, 32.600000, 0.101000
1614632400, 2021-03-01 16:00, 2021-03-01, 16.000000, 323.590000, 2021-03-05, 1614978000, 4.000000, 1.000000, 0.000000, 0.000000, 0.000000, 0.038010, , 17.000000, 29.970000, 38 x 10, 31.340000, 31.510000, 292.000000, 0.120000, 0.140000, 132 x 641, 0.110000, -0.021870, 0.003120, 0.019290, -0.075270, -0.001260, 0.451550, 36.000000, 31.600000, 0.098000
1614632400, 2021-03-01 16:00, 2021-03-01, 16.000000, 323.590000, 2021-03-05, 1614978000, 4.000000, 0.981180, 0.002880, 0.016990, -0.063080, 0.037390, 0.430940, 3.000000, 28.900000, 120 x 20, 31.050000, 31.350000, 292.500000, 0.120000, 0.150000, 767 x 1022, 0.130000, -0.022720, 0.003190, 0.019980, -0.077850, -0.001310, 0.447740, 463.000000, 31.100000, 0.096000
1614632400, 2021-03-01 16:00, 2021-03-01, 16.000000, 323.590000, 2021-03-05, 1614978000, 4.000000, 1.000000, 0.000000, 0.000000, 0.000000, 0.037510, , 0.000000, 24.790000, 125 x 125, 30.270000, 30.690000, 293.000000, 0.150000, 0.150000, 70 x 145, 0.120000, -0.023110, 0.003370, 0.020320, -0.079560, -0.000990, 0.443600, 147.000000, 30.600000, 0.095000
1614632400, 2021-03-01 16:00, 2021-03-01, 16.000000, 323.590000, 2021-03-05, 1614978000, 4.000000, 1.000000, 0.000000, 0.000000, 0.000000, 0.038220, , 2.000000, 40.090000, 10 x 20, 29.340000, 29.510000, 294.000000, 0.150000, 0.160000, 615 x 157, 0.160000, -0.025540, 0.003620, 0.021480, -0.083670, -0.000860, 0.436380, , 29.600000, 0.091000
1614632400, 2021-03-01 16:00, 2021-03-01, 16.000000, 323.590000, 2021-03-05, 1614978000, 4.000000, 1.000000, 0.000000, 0.000000, -0.000180, 0.038240, , 5.000000, 28.070000, 10 x 20, 28.370000, 28.560000, 295.000000, 0.160000, 0.170000, 33 x 175, 0.150000, -0.027100, 0.003970, 0.023190, -0.088690, -0.001570, 0.427170, , 28.600000, 0.088000
1614632400, 2021-03-01 16:00, 2021-03-01, 16.000000, 323.590000, 2021-03-05, 1614978000, 4.000000, 1.000000, 0.000000, 0.000000, 0.000000, 0.037920, , 38.000000, 27.190000, 8 x 1, 27.340000, 27.540000, 296.000000, 0.180000, 0.200000, 727 x 979, 0.170000, -0.030490, 0.004410, 0.025290, -0.099230, -0.001680, 0.424010, 136.000000, 27.600000, 0.085000
1614632400, 2021-03-01 16:00, 2021-03-01, 16.000000, 323.590000, 2021-03-05, 1614978000, 4.000000, 1.000000, 0.000000, 0.000000, -0.000300, 0.038350, , 1.000000, 22.530000, 56 x 14, 26.340000, 26.500000, 297.000000, 0.220000, 0.230000, 250 x 1497, 0.180000, -0.034640, 0.004930, 0.028670, -0.109220, -0.001590, 0.420500, 224.000000, 26.600000, 0.082000
1614632400, 2021-03-01 16:00, 2021-03-01, 16.000000, 323.590000, 2021-03-05, 1614978000, 4.000000, 1.000000, 0.000000, 0.000000, 0.000000, 0.038460, , 0.000000, 20.740000, 10 x 38, 25.860000, 26.020000, 297.500000, 0.200000, 0.210000, 56 x 142, 0.190000, -0.033490, 0.005010, 0.028200, -0.104260, -0.001930, 0.409860, 357.000000, 26.100000, 0.081000
1614632400, 2021-03-01 16:00, 2021-03-01, 16.000000, 323.590000, 2021-03-05, 1614978000, 4.000000, 1.000000, 0.000000, 0.000000, -0.000370, 0.038140, , 0.000000, 19.060000, 10 x 27, 25.430000, 25.590000, 298.000000, 0.200000, 0.230000, 321 x 69, 0.200000, -0.036420, 0.005300, 0.029340, -0.110170, -0.001090, 0.408320, 71.000000, 25.600000, 0.079000
1614632400, 2021-03-01 16:00, 2021-03-01, 16.000000, 323.590000, 2021-03-05, 1614978000, 4.000000, 1.000000, 0.000000, 0.000000, 0.000000, 0.038300, , 0.000000, 19.450000, 92 x 38, 24.370000, 24.530000, 299.000000, 0.240000, 0.260000, 250 x 1100, 0.230000, -0.041590, 0.005930, 0.032710, -0.123570, -0.001320, 0.405970, , 24.600000, 0.076000
1614632400, 2021-03-01 16:00, 2021-03-01, 16.000000, 323.590000, 2021-03-05, 1614978000, 4.000000, 1.000000, 0.000000, 0.000000, -0.000140, 0.038370, 0.000410, 75.000000, 23.600000, 10 x 66, 23.520000, 23.670000, 300.000000, 0.260000, 0.270000, 728 x 13, 0.250000, -0.044150, 0.006380, 0.034350, -0.127230, -0.001430, 0.394930, , 23.600000, 0.073000
1614632400, 2021-03-01 16:00, 2021-03-01, 16.000000, 323.590000, 2021-03-05, 1614978000, 4.000000, 1.000000, 0.000000, 0.000000, 0.000000, 0.038780, , 0.000000, 15.900000, 40 x 10, 22.480000, 22.650000, 301.000000, 0.290000, 0.300000, 615 x 612, 0.290000, -0.048450, 0.007050, 0.036840, -0.135540, -0.002160, 0.387230, 447.000000, 22.600000, 0.070000
1614632400, 2021-03-01 16:00, 2021-03-01, 16.000000, 323.590000, 2021-03-05, 1614978000, 4.000000, 1.000000, 0.000000, 0.000000, -0.000100, 0.039260, , 2.000000, 20.750000, 22 x 10, 21.470000, 21.620000, 302.000000, 0.330000, 0.340000, 54 x 1173, 0.300000, -0.054110, 0.007830, 0.040730, -0.149390, -0.002400, 0.383890, 304.000000, 21.600000, 0.067000
1614632400, 2021-03-01 16:00, 2021-03-01, 16.000000, 323.590000, 2021-03-05, 1614978000, 4.000000, 1.000000, 0.000000, 0.000000, 0.000000, 0.038740, , 2.000000, 22.400000, 10 x 51, 21.020000, 21.160000, 302.500000, 0.340000, 0.360000, 727 x 291, 0.330000, -0.057510, 0.008180, 0.042280, -0.156110, -0.002280, 0.380540, 124.000000, 21.100000, 0.065000
1614632400, 2021-03-01 16:00, 2021-03-01, 16.000000, 323.590000, 2021-03-05, 1614978000, 4.000000, 0.994610, 0.001880, 0.005580, -0.010350, 0.039340, 0.228140, 0.000000, 15.820000, 38 x 49, 20.530000, 20.690000, 303.000000, 0.360000, 0.370000, 119 x 727, 0.360000, -0.060300, 0.008640, 0.044650, -0.162670, -0.002980, 0.377880, , 20.600000, 0.064000
1614632400, 2021-03-01 16:00, 2021-03-01, 16.000000, 323.590000, 2021-03-05, 1614978000, 4.000000, 0.921810, 0.010150, 0.053500, -0.211620, 0.036020, 0.393870, 3.000000, 19.780000, 20 x 10, 19.850000, 20.370000, 304.000000, 0.380000, 0.400000, 4 x 561, 0.400000, -0.065060, 0.009410, 0.047140, -0.167640, -0.002650, 0.367520, , 19.600000, 0.061000
1614632400, 2021-03-01 16:00, 2021-03-01, 16.000000, 323.590000, 2021-03-05, 1614978000, 4.000000, 0.978490, 0.005340, 0.018370, -0.041870, 0.038980, 0.257740, 35.000000, 17.780000, 10 x 15, 18.590000, 18.730000, 305.000000, 0.460000, 0.470000, 394 x 35, 0.450000, -0.075370, 0.010490, 0.052960, -0.190720, -0.002740, 0.366900, , 18.600000, 0.057000
1614632400, 2021-03-01 16:00, 2021-03-01, 16.000000, 323.590000, 2021-03-05, 1614978000, 4.000000, 0.959840, 0.008240, 0.031380, -0.083500, 0.037940, 0.283080, 4.000000, 17.950000, 67 x 11, 17.680000, 17.850000, 306.000000, 0.520000, 0.530000, 391 x 73, 0.480000, -0.084150, 0.011600, 0.057000, -0.206890, -0.003300, 0.362610, 664.000000, 17.600000, 0.054000
1614632400, 2021-03-01 16:00, 2021-03-01, 16.000000, 323.590000, 2021-03-05, 1614978000, 4.000000, 0.941770, 0.010680, 0.042760, -0.124730, 0.036910, 0.298790, 4.000000, 17.020000, 10 x 20, 16.800000, 16.940000, 307.000000, 0.560000, 0.590000, 42 x 580, 0.540000, -0.093000, 0.012730, 0.061580, -0.220620, -0.004130, 0.355660, 782.000000, 16.600000, 0.051000
1614632400, 2021-03-01 16:00, 2021-03-01, 16.000000, 323.590000, 2021-03-05, 1614978000, 4.000000, 0.938940, 0.011210, 0.044350, -0.127290, 0.036850, 0.293340, 0.000000, 13.130000, 58 x 10, 16.280000, 16.490000, 307.500000, 0.590000, 0.600000, 402 x 87, 0.600000, -0.097590, 0.013310, 0.063380, -0.224560, -0.004310, 0.351200, 236.000000, 16.100000, 0.050000
1614632400, 2021-03-01 16:00, 2021-03-01, 16.000000, 323.590000, 2021-03-05, 1614978000, 4.000000, 0.937030, 0.011710, 0.045680, -0.126350, 0.037030, 0.285710, 160.000000, 14.830000, 29 x 37, 15.800000, 15.960000, 308.000000, 0.630000, 0.670000, 68 x 412, 0.640000, -0.103060, 0.013960, 0.066680, -0.235390, -0.004350, 0.349190, 622.000000, 15.600000, 0.048000
1614632400, 2021-03-01 16:00, 2021-03-01, 16.000000, 323.590000, 2021-03-05, 1614978000, 4.000000, 0.928190, 0.013240, 0.050740, -0.139280, 0.037110, 0.280280, 11.000000, 13.920000, 10 x 10, 14.850000, 15.000000, 309.000000, 0.720000, 0.730000, 14 x 313, 0.680000, -0.115030, 0.015320, 0.071400, -0.252380, -0.004420, 0.343300, , 14.600000, 0.045000
1614632400, 2021-03-01 16:00, 2021-03-01, 16.000000, 323.590000, 2021-03-05, 1614978000, 4.000000, 0.911950, 0.015350, 0.059310, -0.166830, 0.035930, 0.282080, 190.000000, 14.170000, 10 x 19, 13.950000, 14.090000, 310.000000, 0.800000, 0.820000, 227 x 390, 0.810000, -0.128200, 0.016800, 0.077390, -0.270610, -0.005010, 0.338270, , 13.600000, 0.042000
